Звание	Фамилия	Теоритическая подготовка	Оценка	Практическая подготовка	Оценка	Общая оценка
1 капитан	Королев В.М.	 5 5 5 4 3	4	3 4 5	4	4
2 капитан 	Власенко М. А. 	 4 5 5 5 3	4	2 5 3	3	3
3 капитан 	Гамеза И. С.	 4 5 4 5 3	4	5 4 4	4	4
4 капитан 	Иванов К. С.	 5 5 5 5 4	5	4 4 5	4	4
5 ст.лейтенант 	Богданов В.К.	 2 3 4 3 3	3	2 4 3	3	3
6 прапорщик 	Хаустов И. А.	 4 3 3 5 5	4	3 5 5	4	4
7 ст. сержант 	Лосев Е. А.	 5 5 4 5 5	5	5 3 5	4	4
8 сержант 	Воеводин П. Ю.	 5 5 5 5 5	5	4 5 3	4	4
9 сержант	Родин В. В.	 2 2 2 4 2	2	2 2 2	2	2
